512 250
58 13 87 157 215
477 439 232 93 146
63 451 245 128 241
125 275 164 182 58
505 233 85 174 11
237 288 136 172 133
120 398 79 235 212
372 402 14 151 62
454 382 181 246 168
63 13 69 70 79
444 112 98 81 80
187 260 38 154 43
378 498 209 146 236
473 331 55 203 73
497 497 205 57 113
260 439 209 65 92
189 140 56 186 105
86 408 85 90 221
455 288 17 20 119
370 261 24 248 139
285 150 127 245 146
202 443 27 79 210
497 275 12 253 194
131 212 26 147 146
285 194 201 60 177
14 457 76 42 248
420 51 9 141 53
266 332 246 243 197
195 277 170 244 53
316 392 83 77 155
338 30 251 180 67
288 479 112 128 253
237 230 133 68 199
403 488 16 221 50
227 504 240 21 169
415 261 4 181 94
172 105 254 171 108
119 49 133 128 255
385 248 172 15 192
86 50 126 109 60
120 297 116 74 172
30 312 75 46 244
351 308 13 137 67
498 119 109 231 145
459 431 23 197 115
183 135 14 49 36
399 290 130 127 113
40 388 63 50 139
193 500 84 181 12
225 11 222 212 120
111 416 71 138 154
290 264 60 197 55
407 351 227 212 87
343 448 185 69 80
444 498 131 116 41
413 419 3 162 52
32 244 18 138 176
464 227 237 33 93
136 304 18 195 82
282 209 187 104 248
360 397 70 179 208
452 122 94 17 93
98 274 74 252 180
429 375 143 143 187
170 28 64 79 128
202 390 9 31 232
271 177 25 165 11
462 446 42 198 142
367 179 198 32 3
195 374 118 137 191
324 445 35 238 183
336 170 170 182 78
265 321 234 100 159
183 334 136 230 230
287 162 1 103 28
298 424 86 49 37
399 270 82 50 154
82 5 110 40 61
112 424 28 38 96
414 326 76 74 219
140 289 49 86 82
241 152 109 32 242
15 244 213 0 49
356 507 14 45 152
351 132 127 83 84
252 336 177 62 26
189 470 147 130 197
49 127 118 151 120
251 408 25 52 12
254 325 248 38 238
72 221 95 137 17
489 63 215 48 30
165 174 47 35 186
377 202 173 130 28
339 64 47 138 195
417 74 202 58 172
310 495 105 139 85
361 420 252 150 58
103 57 91 10 173
441 27 33 68 174
200 391 198 37 133
60 195 106 224 66
373 430 224 207 233
361 374 18 207 242
253 438 96 237 236
481 224 79 118 14
313 484 183 98 219
209 180 185 209 213
459 44 146 185 182
215 356 88 158 253
269 211 56 238 226
261 145 10 64 41
24 104 184 240 24
362 219 202 30 68
132 34 47 149 133
27 402 200 3 18
310 122 135 237 185
466 217 195 59 135
358 239 93 14 95
210 241 10 95 235
509 378 253 20 204
492 200 161 251 4
225 138 34 117 122
107 352 48 214 52
332 122 197 149 189
488 297 152 25 51
175 291 218 146 107
72 253 184 251 120
82 392 132 150 66
225 66 213 230 11
30 7 65 30 218
482 130 199 97 187
450 441 177 156 118
392 505 232 94 77
284 1 4 49 213
465 311 47 18 50
138 276 45 70 135
225 45 124 92 108
117 45 76 235 170
236 26 12 171 9
211 271 126 53 155
474 498 74 188 38
394 50 25 92 35
271 82 206 176 131
343 376 143 145 88
501 81 97 4 99
187 325 60 44 122
232 340 91 154 212
350 14 59 25 41
285 149 134 29 177
273 259 44 203 218
96 500 165 227 59
231 443 65 59 240
455 168 33 47 175
51 285 92 89 132
175 71 97 161 113
158 398 64 66 127
194 320 7 124 247
277 499 91 51 100
37 386 54 121 93
351 284 169 250 86
179 138 156 254 198
217 76 36 183 44
49 214 86 105 5
161 119 238 101 175
144 31 37 38 237
325 7 45 143 240
87 385 240 42 226
152 13 165 162 23
476 100 90 156 219
342 362 126 250 30
47 350 184 91 42
297 228 194 105 216
359 265 205 188 113
16 216 166 214 214
430 56 63 103 5
112 280 115 126 121
400 117 127 80 205
21 387 214 178 145
433 339 167 72 114
115 323 28 32 67
335 221 117 152 21
119 123 92 60 75
240 56 65 12 55
14 85 59 217 243
341 269 98 227 98
196 148 126 214 149
136 47 29 152 46
72 173 26 175 62
190 485 200 240 51
10 430 116 189 134
159 369 241 91 173
269 444 159 219 40
300 394 177 58 115
211 146 233 242 227
249 370 77 84 31
303 370 29 167 90
359 1 2 32 26
151 110 233 89 111
284 215 135 23 96
16 175 200 211 223
333 79 38 73 79
100 276 111 50 195
62 118 148 52 129
406 26 210 35 80
319 410 177 87 126
67 86 7 159 46
494 434 0 213 109
53 417 57 169 133
229 410 247 182 162
219 315 49 5 214
87 216 38 188 12
398 431 231 79 227
57 38 163 250 8
486 59 66 41 23
157 421 142 19 59
40 282 59 203 51
503 245 206 164 239
315 504 6 242 159
123 26 221 122 138
253 213 148 111 83
45 51 35 87 96
225 285 150 17 25
176 72 166 218 141
446 85 17 126 36
462 210 144 10 232
490 263 4 75 69
87 75 17 253 43
411 487 84 191 209
269 144 171 134 180
81 75 234 101 59
87 40 83 136 8
348 175 11 44 186
279 395 64 180 216
206 212 186 109 53
136 275 81 45 42
441 38 98 26 55
12 392 146 22 205
244 320 33 176 78
118 297 52 150 56
197 417 109 98 124
283 254 200 255 55
366 113 32 174 173
496 491 238 192 97
175 359 101 55 8
8 357 5 75 41
396 346 113 122 31
347 55 102 235 96
276 117 125 107 114
31 335 215 91 157
