768 500
438 712 92 72 83
399 703 60 0 166
329 195 236 172 250
387 611 133 183 151
270 88 23 130 121
28 298 214 166 62
199 496 5 231 72
66 108 146 169 76
545 613 79 249 159
191 35 132 106 150
669 151 31 74 245
541 253 131 24 28
368 476 204 44 106
203 45 29 80 112
115 231 198 174 105
453 126 204 92 233
50 421 177 23 63
259 378 99 33 191
299 13 61 51 182
312 609 116 123 229
566 576 140 125 41
439 136 107 246 104
387 672 136 168 54
713 65 255 188 133
204 21 206 214 147
664 209 138 98 46
686 691 0 228 85
102 597 138 142 127
35 618 47 52 169
623 677 137 129 207
502 436 51 204 233
348 250 29 47 52
663 352 53 245 83
280 293 74 137 201
461 381 89 170 205
242 481 101 178 144
20 31 131 55 64
103 220 186 245 90
226 427 251 155 162
486 474 6 26 173
561 750 43 31 195
352 77 98 241 17
165 349 145 235 20
646 56 155 69 224
590 370 87 150 198
622 232 72 95 113
604 710 167 173 13
242 756 233 255 198
31 515 197 127 208
534 291 129 206 176
313 47 173 15 227
102 668 28 144 166
179 738 210 207 135
326 454 94 83 197
379 422 201 31 129
187 30 23 136 141
435 14 205 255 99
5 225 186 203 186
664 766 63 44 129
605 738 213 8 233
303 650 201 126 65
338 469 20 200 217
609 574 167 169 87
758 298 11 70 243
327 40 159 28 74
133 423 69 162 246
202 340 116 21 158
401 318 191 230 161
755 744 164 182 105
728 701 9 28 21
183 168 194 193 148
391 360 175 57 108
224 282 204 207 116
389 454 29 242 40
599 604 59 150 59
30 230 10 123 227
542 466 193 35 17
548 171 25 100 176
366 377 52 229 126
512 564 240 206 63
446 251 195 38 36
18 167 43 51 76
556 6 108 6 76
570 220 31 230 156
441 262 45 206 39
105 233 28 130 199
640 274 188 110 218
452 348 18 26 134
345 514 125 98 55
210 62 177 82 101
227 64 230 39 250
517 126 59 155 251
467 361 255 15 149
687 443 184 32 241
488 27 39 211 231
481 654 143 45 57
332 663 222 51 178
94 514 247 40 4
548 102 165 224 58
536 692 189 120 53
460 381 18 23 70
405 200 205 122 40
740 400 76 88 89
580 543 65 76 203
74 432 77 95 105
240 600 185 135 44
338 117 74 154 64
3 195 112 70 87
186 346 124 78 10
153 108 63 75 89
758 536 184 87 146
654 141 116 175 14
591 678 216 39 78
273 478 174 198 207
266 279 27 163 82
261 56 21 202 176
275 329 162 174 206
667 210 187 92 83
258 370 27 226 85
634 688 195 140 214
618 419 34 169 31
304 17 38 67 19
22 729 230 228 45
226 484 239 140 0
645 224 100 51 84
73 230 86 93 160
343 568 74 2 209
589 190 105 47 207
7 230 30 193 242
353 80 157 70 212
278 256 200 100 192
255 589 2 243 195
461 563 92 205 106
535 76 9 63 199
746 139 52 179 95
583 391 72 47 189
182 231 38 205 166
746 584 49 242 239
255 759 101 173 150
409 233 98 143 84
527 436 76 216 177
570 752 170 11 140
440 36 6 50 204
706 746 56 220 26
132 736 75 144 72
521 448 75 11 58
407 599 118 95 186
701 501 106 104 105
61 734 191 178 216
580 540 151 60 25
563 109 36 147 92
209 217 57 246 155
94 411 58 36 74
374 515 249 158 85
29 601 128 227 136
544 9 223 120 116
98 231 51 156 79
260 458 226 163 118
229 73 223 56 97
159 375 140 79 178
615 263 200 34 57
610 188 226 35 30
578 255 248 141 197
359 174 10 201 93
660 242 220 195 159
747 261 251 118 99
182 145 57 204 246
64 424 175 15 97
166 607 195 252 3
3 268 59 195 86
220 312 156 126 24
297 125 77 213 238
272 256 239 188 60
86 753 65 236 106
3 527 128 114 188
373 487 206 36 137
14 161 241 58 210
543 237 41 110 179
642 244 120 19 27
288 580 46 27 124
510 224 174 76 198
109 462 2 176 63
563 419 135 49 227
58 711 251 112 64
136 312 156 235 240
20 237 159 187 87
756 230 224 159 62
201 124 50 227 173
637 272 209 150 95
160 7 139 189 17
217 710 25 49 40
722 519 164 220 253
18 749 98 245 94
46 431 104 97 185
657 165 92 114 126
173 451 19 186 238
704 380 73 231 230
484 97 93 65 4
177 654 206 212 113
388 169 233 42 64
156 311 45 61 32
381 641 170 223 19
316 551 155 158 13
739 211 80 28 98
505 577 124 44 125
656 168 24 31 127
111 24 76 159 141
62 764 31 116 117
627 327 176 63 33
481 378 51 247 231
326 74 10 130 90
561 289 141 189 162
510 413 144 225 73
653 406 74 76 114
493 405 12 48 28
681 437 126 68 199
659 414 85 36 71
324 280 23 39 227
342 749 117 123 71
718 210 199 33 214
172 644 7 178 147
444 115 177 39 135
471 159 153 131 127
200 400 151 174 185
435 165 137 203 204
757 277 68 88 141
234 263 80 60 207
46 267 242 163 168
441 457 110 86 244
341 592 198 85 220
331 501 195 15 175
495 277 185 185 18
481 398 201 15 135
658 49 184 233 40
693 700 144 127 224
614 651 26 144 41
486 639 0 162 168
322 34 2 247 140
276 641 218 58 41
537 555 146 152 201
742 537 74 101 155
566 581 217 42 63
741 453 77 12 84
10 469 78 5 54
521 707 255 85 61
322 393 144 0 162
429 211 156 3 166
56 275 243 135 131
263 694 97 132 237
532 532 31 38 48
281 285 126 250 20
70 188 143 141 149
698 180 220 143 93
111 25 78 9 167
198 438 6 187 183
544 623 30 111 125
536 236 201 103 39
623 447 0 216 223
663 118 106 106 243
684 88 243 176 96
105 513 103 205 128
252 291 87 41 126
216 517 40 243 252
412 534 235 42 30
170 477 159 35 251
702 413 214 235 183
500 724 64 85 72
397 89 243 35 0
178 258 243 147 144
265 710 220 19 239
731 516 156 22 81
104 608 216 88 75
713 646 46 98 148
85 57 239 180 251
301 30 192 249 60
359 162 239 132 70
534 467 163 152 32
496 447 56 58 47
706 163 48 202 180
172 274 238 211 26
96 269 9 245 126
63 549 159 219 165
291 475 32 187 248
516 696 72 67 175
612 534 153 144 195
74 56 116 30 18
758 574 225 39 66
126 744 2 219 122
503 395 146 3 149
123 36 171 22 4
92 711 68 170 243
132 42 179 129 178
527 176 246 53 250
724 347 19 93 205
214 247 196 38 192
61 135 184 140 51
24 618 143 9 53
325 659 136 245 55
346 537 122 19 15
234 696 2 193 216
261 161 13 42 230
687 110 100 241 186
45 503 24 221 93
623 4 146 182 246
565 241 112 137 167
641 99 171 93 217
248 41 181 145 163
15 41 19 240 231
153 115 132 224 192
715 496 190 129 198
275 9 64 104 231
14 441 159 252 176
266 55 135 169 155
538 100 77 7 135
301 737 159 178 131
436 149 132 205 56
396 119 42 16 85
88 702 60 248 221
478 283 148 12 62
29 306 93 105 221
676 673 4 9 0
259 727 241 20 214
165 507 125 76 108
552 215 96 138 207
560 140 61 178 189
86 333 125 56 92
489 472 62 56 5
283 31 14 234 147
558 367 176 6 217
501 335 67 232 96
271 310 102 67 131
715 467 193 211 14
375 74 126 18 233
132 335 114 122 230
650 88 197 223 208
760 389 88 98 172
16 487 140 72 79
356 666 12 88 202
516 337 229 172 79
448 712 44 167 153
314 168 98 72 83
376 294 218 189 48
319 300 104 148 198
257 367 78 237 91
645 453 133 209 236
709 256 18 222 146
479 363 35 24 101
141 5 190 51 24
537 144 193 73 205
298 273 126 175 248
734 214 167 244 156
427 744 218 155 170
537 48 89 160 19
394 653 12 187 173
617 644 157 146 136
21 352 149 145 129
512 443 22 192 97
196 412 116 56 240
503 216 139 206 183
567 141 178 31 1
33 292 239 199 111
83 627 172 49 111
357 75 1 201 202
535 598 86 77 101
266 62 158 144 203
91 407 159 128 147
302 764 78 62 112
708 642 224 46 102
560 519 199 124 33
41 253 175 212 226
497 359 145 80 21
188 499 208 243 76
106 516 96 43 164
203 429 70 238 130
222 232 143 95 182
533 590 17 10 252
657 590 112 147 137
77 444 16 248 137
678 218 44 189 84
667 755 7 254 208
226 79 66 237 168
265 548 132 178 80
762 313 189 233 97
85 574 45 17 139
441 486 10 88 221
452 97 164 211 15
623 19 90 243 222
523 225 167 8 193
738 369 201 33 77
686 555 167 141 158
472 180 111 19 201
232 351 186 117 219
642 33 95 209 228
403 689 133 126 109
712 397 212 134 110
328 90 241 35 242
579 85 43 44 14
430 408 26 63 119
247 541 33 153 91
715 714 89 154 17
365 608 102 70 247
223 49 182 131 40
38 147 12 102 82
224 468 175 24 103
195 164 206 238 61
367 4 91 14 189
256 276 191 132 80
497 460 155 185 12
244 350 64 255 141
357 175 176 24 68
686 564 163 253 140
695 267 12 243 132
287 327 62 189 54
638 635 82 253 21
615 240 170 87 48
323 243 85 13 210
618 675 138 232 67
746 288 27 93 134
269 722 5 73 212
175 174 196 180 84
492 36 126 102 89
398 754 126 29 19
255 203 146 67 214
543 57 63 67 1
739 177 111 24 243
732 352 24 65 72
132 435 223 143 145
449 479 94 198 22
137 186 255 45 245
241 215 76 26 41
320 192 101 215 163
487 331 12 211 53
618 256 19 215 78
666 713 72 114 161
6 30 200 225 6
668 287 152 171 12
603 214 217 239 115
727 421 132 242 113
289 258 69 140 244
645 17 238 136 5
664 227 148 205 28
705 51 219 150 9
659 425 26 175 129
323 588 229 55 53
93 513 66 153 155
746 173 84 130 114
260 375 247 136 182
114 560 204 14 246
729 756 1 235 106
208 469 7 197 5
619 709 243 123 48
82 720 164 215 218
11 126 190 6 255
571 397 57 241 136
93 314 51 84 48
530 39 255 182 101
262 452 117 179 174
152 415 8 225 205
105 586 1 75 137
617 618 141 71 34
249 119 97 243 112
660 377 135 72 109
343 648 191 69 149
163 194 78 219 118
659 299 152 179 141
710 56 231 196 246
742 294 208 41 246
293 241 200 75 66
3 370 40 4 103
123 211 232 94 150
504 17 45 193 150
133 195 241 84 93
255 211 1 86 227
435 71 220 73 242
380 555 38 66 196
474 105 230 207 218
590 254 22 205 4
182 732 36 114 231
225 248 23 157 251
248 66 58 195 115
496 263 103 116 0
706 326 161 153 28
449 178 190 132 252
510 581 112 180 231
252 351 183 124 194
38 425 70 250 2
415 645 33 14 203
110 54 40 199 213
685 655 38 108 115
8 572 173 68 232
477 530 64 100 68
123 511 25 11 198
748 50 246 6 107
624 300 233 204 43
247 639 89 42 225
754 253 153 15 76
643 286 217 68 244
404 285 215 38 241
416 308 94 20 168
97 181 103 86 127
