256 100
207 173 66 47 77
45 142 140 219 187
83 147 85 14 12
105 251 49 6 30
29 114 80 123 205
173 145 137 87 250
165 210 221 225 11
26 80 216 52 62
90 228 35 0 8
80 52 104 142 32
169 37 146 154 163
166 41 193 250 172
3 85 128 132 110
193 58 45 185 115
126 241 165 108 236
209 50 0 44 216
254 195 94 242 139
117 83 225 50 76
162 181 32 1 165
206 248 129 193 232
137 129 194 229 150
131 33 89 39 128
118 112 234 82 145
15 96 136 20 8
79 194 54 28 96
63 79 12 155 77
119 39 144 134 66
108 246 50 201 162
88 83 111 105 251
47 205 93 117 173
111 96 202 45 139
164 136 72 81 245
159 40 207 154 209
133 248 134 130 154
200 196 28 204 60
43 80 68 95 25
150 92 100 233 216
127 211 39 17 248
184 141 93 195 133
161 241 153 164 106
111 48 86 191 198
148 66 196 41 239
134 55 244 240 226
52 25 187 214 194
12 141 150 64 251
132 241 10 238 61
253 69 222 162 97
72 243 135 36 141
101 58 236 61 254
61 248 171 26 46
116 36 59 126 155
233 80 106 241 55
235 209 228 227 41
98 247 157 202 85
82 209 73 94 132
237 75 113 208 216
122 104 241 249 75
38 82 134 24 183
108 14 113 56 117
234 179 1 122 176
167 172 205 98 143
32 69 19 252 22
131 165 148 40 196
1 194 181 213 46
99 180 235 36 164
173 37 153 2 186
13 26 215 160 236
194 68 140 110 229
171 162 24 134 251
22 75 213 177 221
228 154 218 207 10
213 67 12 171 46
70 83 27 251 101
162 102 219 53 144
151 65 139 196 70
240 68 161 104 81
108 160 212 204 175
145 114 224 109 65
252 81 84 167 2
134 74 170 93 186
19 186 3 37 153
147 228 224 60 180
50 202 156 255 136
197 252 115 201 97
184 72 89 199 207
232 134 114 139 242
122 60 224 212 240
41 80 188 46 136
188 246 24 32 100
91 99 192 200 245
126 83 138 2 129
18 9 108 211 168
96 136 240 237 106
158 60 255 197 222
127 115 173 47 174
100 9 254 6 23
47 149 131 125 112
144 70 148 51 247
114 40 56 157 21
203 26 219 244 239
